1
0
0
0
0
0
0
0
1
1
0
0
0
0
0
0
0
0
0
0
0
0
1
1
1
1
0
0
0
1
2
2
1
1
1
0
0
0
1
2
1
0
0
0
0
0
3
5
3
2
1
0
0
0
3
7
6
3
2
2
1
0
1
6
6
1
0
0
1
2
5
11
10
4
2
1
1
3
6
13
17
9
3
5
4
2
6
12
14
9
2
1
4
6
9
21
24
11
3
2
4
10
16
25
34
25
8
5
10
12
16
27
34
24
9
4
8
18
26
37
49
36
12
3
9
24
36
48
61
58
33
13
18
33
41
51
64
55
33
20
22
44
69
79
85
74
38
14
21
55
91
104
113
107
67
34
32
64
108
125
125
111
73
41
43
86
150
178
167
149
99
44
40
101
179
218
220
197
146
90
75
120
214
261
243
216
166
105
95
172
292
358
331
271
201
128
110
196
359
453
427
358
275
188
157
238
406
528
491
398
322
242
206
314
549
693
647
503
377
286
258
381
663
880
841
680
523
394
344
461
746
992
963
758
595
489
449
593
970
1289
1226
945
707
555
527
728
1170
1579
1590
1267
965
790
730
887
1358
1812
1801
1422
1089
948
951
1174
1740
2305
2272
1754
1274
1057
1081
1400
2091
2809
2890
2322
1722
1420
1421
1707
2408
3229
3339
2674
1991
1711
1775
2203
3058
3990
4127
3287
2362
1948
2060
2601
3632
4786
5084
4228
3118
2588
2675
3226
4261
5511
5853
4865
3634
3108
3333
4106
5418
6804
7121
5896
4264
3497
3825
4865
6384
8145
8769
7417
5486
4523
4756
5848
7552
9385
10090
8737
6533
5426
5919
7383
9400
11542
12215
10446
7719
6250
6783
8701
11179
13682
14777
12989
9761
7870
8344
10410
13062
15750
16929
15071
11624
9547
10240
12957
16222
19196
20347
17940
13602
11008
11803
15203
19350
22869
24440
22142
17069
13642
14359
18051
22495
26384
28036
25480
20168
16550
17463
22179
27768
32034
33477
30263
23668
18972
20102
25957
32837
38178
40229
36875
29406
23623
24166
30474
38162
43862
46032
42546
34510
28354
29346
37005
46388
52843
54555
50119
40616
32863
33816
43260
54691
62725
65245
60437
49718
40632
40774
50755
63691
72409
74698
69524
58056
48245
49032
61236
76721
86735
88394
81320
67616
55907
56384
70959
90108
102617
105265
97834
82100
68125
67689
82950
104219
118562
120926
112617
96309
81231
80964
99467
124663
140692
142373
131270
111464
94086
93644
115055
145610
165868
168472
156473
134294
113652
111583
134378
168312
191138
193759
180008
156384
135068
133645
160213
200186
226516
227283
209113
180508
155343
153961
185215
232697
265628
268557
248105
215744
186383
182361
215444
268098
305384
308682
285599
250713
220569
217787
255892
317326
360322
361405
331454
289274
253654
250520
295349
367649
420466
425169
391556
342956
302142
296004
342235
422095
482309
487448
449714
397596
355278
351372
405823
497115
565620
569274
521109
457658
408802
405060
468025
575473
658583
666938
613330
539914
483211
476277
542170
659618
754041
764202
703683
623761
564959
561781
639196
773552
880454
889424
814223
716934
648340
646533
736487
892585
1022189
1039507
955350
843127
762858
756444
851355
1021689
1166593
1189003
1096225
972557
889314
889252
999691
1192998
1356179
1377213
1264139
1116012
1018923
1022372
1151894
1375233
1569292
1603866
1478175
1306480
1192993
1191832
1329377
1573351
1790237
1831908
1693877
1504493
1384630
1394311
1555681
1830578
2073653
2116745
1949222
1722275
1582249
1597355
1787644
2106521
2392362
2455802
2274033
2011568
1844976
1856081
2059384
2405825
2725031
2801641
2602698
2314954
2138433
2163674
2402432
2792718
3145921
3225492
2989110
2646738
2438806
2474331
2755508
3206091
3619507
3728430
3471750
3080131
2833989
2863810
3168172
3658954
4116751
4247029
3968641
3537497
3275520
3327560
3683927
4238177
4742184
4876341
4549522
4041128
3730055
3797731
4218732
4856596
5443918
5620779
5265058
4686322
4320263
4379323
4837290
5537898
6184384
6390037
6011466
5375409
4978785
5070694
5606475
6394586
7108361
7322367
6875948
6135198
5668992
5777123
6406797
7317785
8141220
8414898
7936085
7093304
6544756
6644398
7329191
8328783
9237574
9549378
9041590
8125492
7528034
7668567
8470367
9595499
10590779
10916109
10319531
9257436
8564392
8729096
9664856
10968283
12115485
12513402
11874487
10675262
9857142
10008396
11033783
12466024
13730925
14185047
13503529
12200957
11315028
11514653
12704816
14325817
15710900
16179101
15385832
13883502
12853644
13086794
14469298
16342422
17942364
18510284
17658918
15976071
14770334
14971127
16485545
18550044
20307571
20950828
20049078
18224414
16922892
17189276
18928401
21263139
23192210
23842479
22788926
20706198
19201325
19504739
21524369
24217412
26437827
27223787
26087388
23755395
22016993
22274764
24474521
27456856
29905730
30777481
29573822
27054432
25167571
25509401
28032768
31393930
34086965
34973064
33555134
30688721
28527789
28902757
31810510
35692116
38790834
39850015
38323485
35123189
32637723
32947806
36109512
40404662
43836610
45008773
43380920
39939184
37249458
37650449
41258994
46097537
49867073
51057923
49139563
45226788
42175647
42619067
46738356
52307841
56656889
58062780
55985979
51639109
48143016
48488335
52974377
59132578
63947994
65515325
63290143
58612596
54856024
55314856
60394931
67328639
72632976
74202890
71576023
66275268
62026870
62541731
68325924
76273150
82390067
84250891
81377914
75487297
70651721
71018384
77300712
86098456
92889016
94961520
91878273
85539761
80351025
80869421
87946619
97816156
105325942
107414437
103760071
96595226
90758970
91328807
99360197
110634410
119267971
121757159
117760510
109790672
103182503
103559851
112243552
124699826
134303048
137073849
132761479
124202499
117138961
117713598
127478046
141411392
152024357
154832505
149723750
140039133
132142098
132802449
143837119
159713505
171905657
175239789
169626527
158849689
149926518
150343212
162272388
179771828
193351130
197101978
191006733
179404176
169894002
170569958
183937663
203485894
218495283
222327424
215161998
202030289
191410618
192228410
207288352
229457814
246691900
251266237
243360200
228761048
216811398
217302496
233565352
257971542
277128642
282303026
273732632
257974358
245255917
246140264
264307477
291467256
312662320
317990805
307925343
290121213
275971268
277069917
297522218
328228322
352463747
358853712
347751737
327903162
312029033
312769002
334834193
368596435
395536997
402771862
390739585
369293298
352376064
353688065
378325575
415775491
445553482
453114381
439021845
414770149
396014128
397659051
425345522
467602015
501547327
510580928
495093850
468034470
446958544
448238086
478127495
524475634
562203936
572515161
555704615
526436490
504022336
506083025
539409486
590730636
632335348
