1
0
0
0
1
1
0
0
1
2
1
0
1
3
3
1
1
4
5
2
1
5
8
5
2
6
12
9
3
7
16
15
6
8
21
23
11
10
27
34
19
13
33
47
31
18
40
64
48
26
49
84
71
39
59
108
102
58
72
136
142
86
90
170
193
126
113
208
256
180
145
254
334
253
190
308
428
350
251
373
542
474
334
451
677
633
447
548
837
833
597
667
1026
1080
794
818
1249
1384
1052
1008
1511
1755
1383
1250
1821
2201
1804
1558
2186
2736
2336
1952
2620
3374
2999
2451
3137
4129
3819
3086
3755
5020
4827
3887
4498
6070
6054
4894
5396
7300
7538
6152
6482
8742
9324
7718
7803
10432
11459
9651
9412
12408
13998
12030
11373
14722
17006
14936
13765
17436
20553
18470
16685
20617
24720
22744
20240
24355
29604
27890
24568
28755
35310
34052
29825
33938
41960
41404
36193
40055
49701
50133
43889
47287
58695
60461
53167
55841
69132
72633
64311
65972
81239
86933
77663
77981
95272
103675
93609
92215
111532
123227
112590
109089
130376
145992
135117
129095
152214
172441
161775
152792
177526
203101
193217
180845
206879
238575
230204
214026
240929
279544
273591
253218
280440
326797
324342
299451
326313
381215
383559
353915
379587
443823
452489
417962
441471
515780
532523
493154
513379
598418
625257
581279
596938
693257
732481
684366
694034
802051
856207
804732
806855
926788
998718
945021
937912
1069772
1162592
1108211
1090098
1233629
1350714
1297690
1266746
1421376
1566369
1517297
1471666
1636467
1813252
1771350
1709222
1882878
2095522
2064730
1984411
2165133
2417893
2402950
2302920
2488447
2785693
2792191
2671226
2858767
3204911
3239423
3096705
3282895
3682353
3752486
3587715
3768606
4225699
4340166
4153728
4324788
4843618
5012334
4805478
4961538
5545935
5780082
5555076
5690406
6343771
6655821
6416194
6524506
7249667
7653480
7404255
7478747
8277855
8788684
8536599
8570062
9444421
10078917
9832732
9817672
10767539
11543775
11314574
11243304
12267789
13205237
13006700
12871598
13968451
15087884
14936669
14730371
15895789
17219269
17135358
16851024
18079534
19630269
19637302
19268979
20553255
22355437
22481129
22024154
23354821
25433485
25710021
25161403
26526995
28907799
29372179
28731218
30118019
32826929
33521415
32790251
34182207
37245270
38217777
37402043
38780800
42223762
43528190
42637822
43982724
47830619
49527266
48577350
49865477
54142232
56298149
55309773
56516209
61244176
63933405
62934810
64032837
69232204
72536125
71563764
72525193
78213523
82221070
81320812
82116538
88308150
93115915
92344428
92945010
99650334
105362738
104788910
105165263
112390273
119119590
118825948
118950403
126695995
134562211
134646678
134494028
142755308
151886051
152463573
152012365
160778161
171308421
172512720
171746916
180999174
193070849
195056371
193967115
203680356
217441827
220385669
218973287
229114252
244719749
248823528
247100056
257627413
275236130
280728204
278719992
289584059
309359340
316496768
314247470
325390350
347498600
356569182
354143259
365499013
390108370
401432831
398919283
410414333
437693404
451627416
449143855
460697829
490814160
507750202
505447624
516974487
550092769
570462268
568529992
579939414
616219843
640494863
639165955
650365441
689961779
718656665
718214040
729111366
772168834
805841871
806624677
817130886
863784245
903038969
905449386
915482626
965854074
1011340209
1015851084
1025341099
1079538050
1131952629
1139115269
1148008520
1206121763
1266209538
1276662041
1284928083
1347029846
1415583458
1430059771
1437698373
1503840467
1581700507
1601039729
1608089031
1678301573
1766356029
1791512082
1798058151
1872348446
1971531589
2003583715
2009771290
2088122991
2199414354
2239577645
2245622013
2327995272
2452417647
2502053973
2508254770
2594586780
2733203876
2793833437
2800589745
2890796003
3044709903
3118022810
3125849867
3219826837
3390174711
3478042655
3487590662
3585219314
3773169507
3877658087
3889732787
3990883325
4197631614
4321012325
4336597311
4441135954
4667900800
4812663057
4832944724
4940741900
5188759473
5357622957
5384017302
5494957760
5765477038
5961403584
5995585228
6109580912
6403858250
6630063357
6673997308
6791002475
7110295881
7370260474
7426236216
7546265225
7891829443
8189310700
8259978490
8383127405
8756208458
9095250138
9183660553
9310131838
9711962130
10096904709
10206550455
10336681435
10768475919
11203965671
11338825972
11473122205
11936074999
12427072062
12591660255
12730833158
13226115135
13777901365
13977315058
14122324449
14651083206
15269268486
15509242075
15661345049
16224705914
16915233379
17202194109
17362999358
17962068923
18731219641
19072345871
19243874413
19879747396
20734143507
21137425513
21322179165
21995948149
22942554594
23416858549
23617895383
24330664252
25376790210
25931924429
26152942087
26905845126
28059143678
28705926830
28951355331
29745580682
31014047442
31764379994
32039483008
32876302473
34268273999
35135211226
35446196925
36327003472
37851154512
38848981335
39203124425
40129477067
41794817044
42939125392
43344899336
44318576757
46134447060
47442214561
47909434974
48932500547
50908571290
52398240851
52938222003
54013098965
56159366335
57850928093
58476651101
59606210653
61932996266
63848069819
64574363827
65762028061
68279979672
70441896883
71285635008
72535494683
75255589115
77689478368
78669786983
79986736144
82920286916
85653157298
86791639805
88181530679
91340199293
94401024330
95722001434
97191818639
100587631433
104007434181
105538198783
107096256339
110741629353
114553566439
116324654545
117980818413
121888590148
126128035333
128173514763
129939451277
134122925206
138827553679
141185328683
143074781511
147547782106
152757653965
155469786820
157498886929
162275828898
168033471724
171146523449
173334131204
178430105145
184780598174
188345985816
190714069644
196144948014
203136005539
207210377373
209784432522
215566996953
223249052129
227894682683
230704190691
236856283921
245282575160
250567777372
253646709689
260187417785
269414076495
275413632122
278801003238
285750869123
295837009605
302632620098
306373089441
313754362694
324762178139
332442932613
336587460497
344424389596
356419252326
365082114128
369688675983
378007845602
391058414280
400808728090
405943087857
414773806568
428952144253
439904160397
445640707015
455015453779
470397156768
482674573999
489097227314
499052159498
515716499711
529453028922
536656214137
547231744670
565261831932
580601776918
588691473474
599932926151
619415890222
636514747305
645609617190
657567964969
678595162712
697620241747
707852837901
720585532384
743252787068
764383850182
775901909383
789473813130
813881688319
837311608300
850279435635
864763862584
891017976705
916953418589
931553362085
947033236827
975244629016
1003906750906
1020340772843
1036909921387
1067195471587
1098820647889
1117311998129
1135076577856
1167559491125
1202400062275
1223195054001
1242275134286
1277085501405
1315410547034
1338780439479
1359311748815
1396587189924
1438683329504
1464926325351
1487062173076
1526948576091
1573120802963
1602564158450
1626477545608
1669129916369
1719702462745
1752704717279
1778590653544
1824174086054
1879491325282
1916444656469
1944522693930
1993213477740
2053640871405
2094973575450
2125490574722
2177477459100
2243402548750
2289581650992
2322814800025
2378300428621
2450133880484
2501667884835
2537927981689
2597130517731
2675307231560
2732749006178
2772384024579
2835538992922
2920519276792
2984469083724
3027868042846
3095230405484
3187501229049
3258609904828
3306207057607
3378053549769
3478129890748
3557102177920
3609381537490
3686013294954
3794439584817
3882037620421
3939537849949
4021283351211
4138635037048
4235682008733
4299001689297
4386220044405
4513105287696
4620489255478
4690292555065
4783377180423
4920438703260
5039116596993
5116139367126
5215522074296
5363439177130
5494440979460
5579497297125
5685652836775
5845143614890
5989576731916
6083565910695
6197017016896
6368840793703
6527894622667
6631808723714
6753131695844
6938091704786
7113042414502
7227974275133
7357805144949
7556751497027
7748967022616
7876118830441
8015160170420
8228993133779
8439938401572
8580630845914
8729659262382
8959332896947
9190575296543
9346257318386
9506131688460
9752657883684
10005872995683
10178132165026
10349802681418
10614255635579
10891233232986
11081806789970
11266324868548
11549846065244
11852496415016
12063282996579
12261812114013
12565615859050
12895976334918
13129048420432
13342875959442
13668255530080
14028497565712
14286114679795
14516664844741
14864999324167
15257435738375
15542058437023
15790906321265
16163668198377
16590760915913
16905065591089
17173952483470
17572716088325
18037084292282
18383978839499
18674828846366
19101279713422
19605708476834
19988348853285
20303286927924
20759232189240
21306681618077
21728489333133
22069860815802
22557240715320
23150855657132
23615536243397
23985927998267
24506828644027
25149949022618
25661511521786
26063774779281
26620442260560
27316614089654
27879391599405
28316666619050
28911522606143
29664509751797
30283181091435
30758923747884
31394582718970
32208379497250
32887992031100
33406002444298
34085290697679
34964135378818
35710129054575
36274582398045
37000558997042
37948948316014
38767180983750
39382660585646
40158640415053
41181345199269
42078119262362
42749652139892
43579231266978
44681313286392
45663403751458
46396498727381
47283582251330
48470412419844
49545096427976
50345784963133
51294617570124
52571895650221
53746983552610
54621863450641
55637062909730
57010838859349
58294706923783
59250989079351
60337582903703
61814280041506
63215904889404
64261463228955
65424928765845
67011368948594
68540363808060
69683788603473
70930096834692
72633527839342
74300180721941
75550835466870
76886498793226
78714624128334
80529938058872
81898020081183
83330144405172
85291155808984
87266891218888
88763496229861
90299837673695
92402450547093
94551169974478
96188360773179
97837387359732
100090879430613
102425994690086
104216874217283
105987832888049
108402086431445
110937908405381
112896697378900
114799686747117
117385234689859
120137025925487
122279145301472
124325194531469
127093270814573
130077301141813
132419459629151
134620613881853
137583208498954
140816813869815
143377100758920
145746513672992
148916432799985
152418077595528
155216061185719
157768094854872
161159026549781
164948369631846
168005201516230
170755534479646
174382120471992
178480085252698
181818610766587
184784354559738
188662268662543
193091117511812
196735992668840
199935817476530
204081851214011
208865264571285
212843079795050
216297349807691
220729505912898
225892666463372
230232077467486
233962996578336
238700591021596
244270273361693
249002139561967
253033908036322
258097681327712
