0
0
0
0
1
1
0
0
0
1
1
0
1
3
3
1
1
4
5
2
1
5
7
4
1
5
12
9
3
6
14
13
5
7
20
23
11
10
26
32
18
13
33
47
31
18
37
59
45
24
48
84
71
39
56
101
96
55
70
134
141
86
89
164
187
125
113
208
255
178
140
243
324
249
188
307
427
347
245
360
525
465
331
446
673
631
441
536
823
824
595
666
1022
1074
785
797
1225
1373
1049
1006
1507
1745
1367
1225
1787
2176
1796
1553
2176
2724
2320
1925
2586
3350
2990
2447
3129
4111
3793
3049
3706
4984
4815
3884
4489
6046
6018
4846
5335
7242
7505
6139
6464
8709
9283
7667
7739
10377
11426
9631
9390
12364
13929
11951
11288
14648
16968
14922
13744
17381
20462
18366
16572
20510
24653
22710
20208
24291
29496
27765
24443
28644
35237
34011
29782
33852
41810
41226
36026
39906
49602
50089
43849
47186
58516
60243
52947
55644
68986
72543
64236
65852
81025
86672
77420
77765
95106
103570
93514
92043
111240
122869
112259
108818
130175
145864
135007
128899
151855
171988
161348
152434
177251
202913
193060
180607
206473
238047
229713
213628
240607
279302
273385
252904
279891
326104
323695
298948
325936
380929
383301
353534
378924
442943
451648
417282
440948
515386
532179
492693
512633
597426
624294
580521
596343
692768
732032
683773
693064
800762
854981
803787
806148
926233
998191
944293
936742
1068193
1161002
1106944
1089133
1232839
1349984
1296803
1265388
1419564
1564568
1515875
1470577
1635519
1812301
1770176
1707482
1880573
2093250
2062976
1983137
2164076
2416812
2401550
2300829
2485638
2782803
2789869
2669504
2857347
3203490
3237716
3094297
3279666
3679014
3749812
3585724
3766895
4223924
4337963
4150670
4320798
4839491
5009047
4803116
4959590
5543875
5777481
5551444
5685620
6338687
6651593
6413076
6521918
7246992
7650254
7399994
7473236
8272002
8783819
8532965
8566954
9441088
10074811
9827314
9810868
10760418
11537879
11310310
11239807
12263964
13200372
13000316
12863453
13959682
15080467
14931183
14725848
15891033
17213421
17127806
16841639
18069444
19621532
19630769
19263553
20547336
22348054
22471729
22012612
23342606
25423039
25702302
25155153
26520212
28899098
29361000
28717536
30103242
32813940
33511654
32782381
34173863
37234860
38204715
37386293
38763871
42208691
43516566
42628275
43972484
47817662
49511044
48558154
49845130
54124292
56284547
55298765
56504406
61228973
63914055
62911941
64008397
69210062
72519056
71550122
72510834
78195472
82198575
81294428
82088502
88282670
93095747
92327878
92927547
99628155
105334970
104756876
105131786
112360010
119095922
118806976
118930301
126670038
134529374
134608500
134453799
142718433
151856645
152439950
151988199
160747687
171270259
172468858
171700884
180956628
193036339
195028017
193937769
203643351
217395439
220332826
218918732
229064133
244679133
248790665
247066240
257584153
275181439
280665479
278654747
289523622
309309622
316456136
314206696
325339595
347434909
356496773
354068561
365429489
390050314
401384586
398870251
410353097
437616683
451540681
449055461
460616509
490746544
507694295
505391240
516903528
550002661
570359651
568424727
579841580
616137743
640426738
639098266
650282491
689857560
718538103
718093114
728998749
772072525
805760640
806543713
817031419
863659582
902898277
905307013
915351356
965742610
1011246123
1015757440
1025226044
1079392440
1131786761
1138946797
1147852047
1205987469
1266095886
1276550458
1284793705
1346861534
1415392320
1429866012
1437518365
1503684083
1581565439
1600906084
1607928818
1678101387
1766129513
1791284799
1797849038
1872167938
1971376246
2003429754
2009586075
2087890294
2199148726
2239309088
2245373908
2327779528
2452231264
2501871612
2508039326
2594318682
2732898492
2793524755
2800304146
2890545290
3044489334
3117805023
3125593975
3219509511
3389814389
3477681250
3487259208
3584930040
3772915853
3877407567
3889437438
3990515676
4197211148
4320587156
4336205755
4440792998
4667598658
4812367053
4832602489
4940319805
5188277164
5357135509
5383567588
5494560164
5765121760
5961052212
5995179405
6109083797
6403292630
6629494083
6673476199
6790544817
7109887079
7369855414
7425768191
7545689752
7891170860
8188643762
8259365160
8382587491
8755725247
9094773861
9183118383
9309472220
9711208089
10096140507
10205846772
10336057674
10767910960
11203403890
11338186776
11472348653
11935194545
12426182638
12590846032
12730116224
13225466795
13777254832
13976578571
14121431864
14650061017
15268228979
15508286725
15660501922
16223943056
16914476935
17201342754
17361977669
17960902330
18730030638
19071249646
19242901856
19878858082
20733254255
21136425822
21320986167
21994591970
22941177381
23415594410
23616779371
24329645329
25375767838
25930772535
26151566854
26904275834
28057539812
28704448655
28950048851
29744387689
31012855610
31763050617
32037909657
32874512236
34266442091
35133517349
35444692432
36325618842
37849760201
38847425654
39201293847
40127403414
41792700299
42937176170
43343177061
44316994508
46132849705
47440426917
47907328453
48930108185
50906115488
52395966818
52936210435
54011253989
56157510254
57848868709
58474245276
59603485622
61930194625
63845467121
64572048873
65759889628
68277815998
70439494451
71282842290
72532348762
75252363623
77686489258
78667140245
79984297338
82917812585
85650401790
86788433714
88177911172
91336470863
94397552580
95718921303
97188984650
100584767623
104004266009
105534539829
107092139588
110737382324
114549597798
116321117048
117977542893
121885262588
126124351406
128169276586
129934709093
134118048865
138823004157
141181287555
143071051456
147543984375
152753435233
155464930224
157493443011
162270208119
168028206666
171141837127
173329810941
178425725822
184775760884
188340447918
190707885260
196138557977
203129994073
207205001964
209779453737
215561926259
223243445654
227888288097
230697082330
236848961554
245275699212
250561642174
253641040697
260181640662
269407669698
275406314337
278792862018
285742454225
295829073520
302625526794
306366544685
313747718296
324754848948
332434603830
336578222923
344414840218
356410210736
365073988636
369681147949
378000177035
391049943913
400799132591
405932497078
414762890459
428941824722
439894902961
445632142623
455006724683
470387491912
482663605716
489085111829
499039646096
515704625224
529442353660
536646356995
547221736274
565250798149
580589310894
588677742549
599918741104
619402386693
636502546348
645598302162
657556450316
678582457896
697605915930
707837127001
720569353283
743237401236
764369966680
775889055739
789460726336
813867219021
837295265878
850261493271
864745352300
891000317787
916937442518
931538591751
947018265700
975228143471
1003888200862
1020320465272
1036888970559
1067175422509
1098802423475
1117295075237
1135059388580
1167540562724
1202378799136
1223171861791
1242251291807
1277062712479
1315389840836
1338761238154
1359292244076
1396565665555
1438659112092
1464899887524
1487034949289
1526922488703
1573097047568
1602542141457
1626455270844
1669105441848
1719675005889
1752674811549
1778559876063
1824144512232
1879464270850
1916419488898
1944497184529
1993185444972
2053609477475
2094939488485
2125455601658
2177443903966
2243371860029
2289553123203
2322785897268
2378268618111
2450098188368
2501629094001
2537888131674
2597092194246
2675272108371
2732716368455
2772351076773
2835502883410
2920478872130
2984425247114
3027823034073
3095187024564
3187461289865
3258572655370
3306169407158
3378012290775
3478083793211
3557052310847
3609330479567
3685964155391
3794394358029
3881995444774
3939495230882
4021236612855
4138582729207
4235625351844
4298943626517
4386164058426
4513053648587
4620441112462
4690244066730
4783324206046
4920379570682
5039052648999
5116073851801
5215458784153
5363380564534
5494386123436
5579441982269
5685592441844
5845076286251
5989504098940
6083491707805
6196945440873
6368774518435
6527832595797
6631746181983
6753063369920
6938015431636
7112960024435
7227890024242
7357723767035
7556676009730
7748896370895
7876047812057
8015082869708
8228907035323
8439845512556
8580535884394
8729567384109
8959247357186
9190494945518
9346176448965
9506043741841
9752560067528
10005767669741
10178024750589
10349698921347
10614159040353
10891142474016
11081715461163
11266225508351
11549735430834
11852377147045
12063161239420
12261694353503
12565506068378
12895873152415
13128944860581
13342763715890
13668130830254
14028363262664
14285977605946
14516532083262
14864875121668
15257318599414
15541940723425
15790778843219
16163526786985
16590608891556
16904910758584
17173802759720
17572576049192
18036952150184
18383846037050
18674685009247
19101119999917
19605536571177
19988173613496
20303117301397
20759073339551
21306531691559
21728338989921
22069698543414
22557060943492
23150662306002
23615339141419
23985736991534
24506649239851
25149779128616
25661340951828
26063590841618
26620238774666
27316395594371
27879169271981
28316451457052
28911320575854
29664318341179
30282988863025
30758716459532
31394353261156
32208132805350
32887740764863
33405759084098
34085061936631
34963918567420
35709911752079
36274348832693
37000301025500
37948671187372
38766898680724
39382386853014
40158382440695
41181099943352
42077873122098
42749387832415
43578939799722
44681000624072
45663085760653
46396190802038
47283292130117
48470136448576
49544819358059
50345487440915
51294289341802
52571543186474
53746624698898
54621515698904
55636735006568
57010526830316
58294394154781
59250654245158
60337214307268
61813884504509
63215502117542
64261072489370
65424559472547
67011016572530
68540010119995
69683410277898
70929681059201
72633082285860
74299727607560
75550396445025
76886084023077
78714228114206
80529540399821
81897594735661
83329676803157
85290654261657
87266380637960
88763001136011
90299369639225
92402003588549
94550721736392
96187882645684
97836862884098
100090317226677
102425422174925
104216318512668
105987306451559
108401582409109
110937402322356
112896157969414
114799096016481
117384602354511
